25 0.004900 0.006200 0.000000 0.014930
22 0.016000 0.009800 0.001850 0.000000
28 0.004900 0.006200 0.019150 0.000000
16 0.003100 0.002600 0.001033 0.021130
10 0.003100 0.002600 0.024950 0.002050
20 0.001033 0.000700 0.004133 0.021130
1 0.001033 0.000700 0.000000 0.013630
3 0.001033 0.000700 0.000000 0.009800
15 0.001033 0.000700 0.000000 0.021130
8 0.001033 0.000700 0.000000 0.024110
2 0.001033 0.000700 0.024950 0.001350
14 0.001100 0.000900 0.000000 0.010500
24 0.001100 0.000900 0.000000 0.024810
26 0.000550 0.000380 0.001300 0.001550
5 0.000550 0.000380 0.000000 0.023730
17 0.000550 0.000380 0.000000 0.025710
9 0.000550 0.000380 0.030250 0.000000
13 0.001100 0.000950 0.002700 0.010470
18 0.001100 0.000950 0.028050 0.000000
30 0.001100 0.000670 0.029150 0.000000
23 0.001100 0.000670 0.002700 0.009800
11 0.000900 0.001350 0.024950 0.000000
6 0.001300 0.001350 0.017850 0.000000
21 0.000900 0.000670 0.024050 0.000000
7 0.000900 0.000670 0.001800 0.012000
19 0.001800 0.002230 0.000000 0.011400
4 0.000900 0.001550 0.000000 0.000000
12 0.001300 0.000950 0.000000 0.001550
27 0.000650 0.000600 0.000000 0.014330
29 0.000650 0.000600 0.001800 0.011400
