1 0.004900 0.006200 0.000000 0.000000
2 0.016000 0.009800 0.000000 0.006200
3 0.004900 0.006200 0.000000 0.016000
4 0.003100 0.002600 0.000000 0.022200
5 0.003100 0.002600 0.000000 0.000000
6 0.001033 0.000700 0.003100 0.000000
7 0.001033 0.000700 0.004900 0.016000
8 0.001033 0.000700 0.005933 0.016000
9 0.001033 0.000700 0.005933 0.016700
10 0.001033 0.000700 0.006966 0.016000
11 0.001033 0.000700 0.006966 0.016700
12 0.001100 0.000900 0.007999 0.016700
13 0.001100 0.000900 0.009099 0.016700
14 0.000550 0.000380 0.009099 0.017600
15 0.000550 0.000380 0.010199 0.016700
16 0.000550 0.000380 0.006966 0.017980
17 0.000550 0.000380 0.006966 0.018360
18 0.001100 0.000950 0.007516 0.018360
19 0.001100 0.000950 0.010749 0.016700
20 0.001100 0.000670 0.032000 0.000000
21 0.001100 0.000670 0.033100 0.000000
22 0.000900 0.001350 0.033100 0.000670
23 0.001300 0.001350 0.033100 0.002020
24 0.000900 0.000670 0.033100 0.003370
25 0.000900 0.000670 0.034400 0.002020
26 0.001800 0.002230 0.035300 0.000670
27 0.000900 0.001550 0.037100 0.000000
28 0.001300 0.000950 0.037100 0.001550
29 0.000650 0.000600 0.037100 0.002500
30 0.000650 0.000600 0.037100 0.003100
